Finished n: 1
Finished n: 2
Finished n: 3
Finished n: 4
Finished n: 5
Finished n: 6
Finished n: 7
Finished n: 8
Finished n: 9
Finished n: 10
Finished n: 11
Finished n: 12
Finished n: 13
Finished n: 14
Finished n: 15
Finished n: 16
Finished n: 17
Finished n: 18
Finished n: 19
Finished n: 20
Finished n: 21
Finished n: 22
Finished n: 23
Finished n: 24
Finished n: 25
Finished n: 26
Finished n: 27
Finished n: 28
Finished n: 29
Finished n: 30
Finished n: 31
Finished n: 32
Finished n: 33
Finished n: 34
Finished n: 35
Finished n: 36
Finished n: 37
Finished n: 38
Finished n: 39
Finished n: 40
Finished n: 41
Finished n: 42
Finished n: 43
Finished n: 44
Finished n: 45
Finished n: 46
Finished n: 47
Finished n: 48
Finished n: 49
Finished n: 50
Finished n: 51
Finished n: 52
Finished n: 53
Finished n: 54
Finished n: 55
Finished n: 56
Finished n: 57
Finished n: 58
Finished n: 59
Finished n: 60
Finished n: 61
Finished n: 62
Finished n: 63
Finished n: 64
Finished n: 65
Finished n: 66
Finished n: 67
Finished n: 68
Nodes	Edges	Size	SR	Estimates	Time(ns)	Ratio
--------------------------------------------------
10	9	19	None	521.367	46923	None
10	11	21	1.105	340.473	37452	0.798
10	13	23	1.095	348.646	45324	1.21
10	10	20	0.87	360.17	36017	0.795
20	24	44	2.2	349.221	167626	4.654
20	24	44	1.0	269.544	129381	0.772
20	28	48	1.091	343.418	192314	1.486
20	26	46	0.958	268.098	139411	0.725
40	56	96	2.087	231.903	519462	3.726
40	50	90	0.938	202.072	404145	0.778
40	50	90	1.0	200.864	401728	0.994
40	52	92	1.022	214.177	445488	1.109
80	108	188	2.043	213.589	1845410	4.142
80	99	179	0.952	223.984	1773954	0.961
80	104	184	1.028	192.64	1602765	0.903
80	114	194	1.054	218.692	1994473	1.244
100	136	236	1.216	219.012	2978557	1.493
100	129	229	0.97	171.412	2211216	0.742
100	137	237	1.035	184.639	2529553	1.144
100	132	232	0.979	198.077	2614613	1.034
200	267	467	2.013	157.817	8427416	3.223
200	269	469	1.004	165.645	8911710	1.057
200	269	469	1.0	169.426	9115127	1.023
200	267	467	0.996	173.245	9251303	1.015
400	540	940	2.013	154.792	33435076	3.614
400	518	918	0.977	132.329	27418617	0.82
400	538	938	1.022	157.877	33975228	1.239
400	526	926	0.987	146.572	30838719	0.908
800	1063	1863	2.012	154.564	131441067	4.262
800	1058	1858	0.997	168.653	142748072	1.086
800	1076	1876	1.01	175.665	151212512	1.059
800	1049	1849	0.986	182.03	152759486	1.01
1000	1300	2300	1.244	157.35	204554833	1.339
1000	1313	2313	1.006	176.292	231471770	1.132
1000	1328	2328	1.006	162.733	216109294	0.934
1000	1344	2344	1.007	170.973	229787378	1.063
2000	2699	4699	2.005	166.294	897656960	3.906
2000	2654	4654	0.99	158.612	841911139	0.938
2000	2652	4652	1.0	149.585	793399238	0.942
2000	2677	4677	1.005	152.837	818289624	1.031
4000	5360	9360	2.001	154.909	3321240107	4.059
4000	5315	9315	0.995	155.268	3301008183	0.994
4000	5340	9340	1.003	155.559	3322735270	1.007
4000	5368	9368	1.003	165.949	3563252835	1.072
8000	10705	18705	1.997	151.376	12963827258	3.638
8000	10670	18670	0.998	153.51	13103595473	1.011
8000	10662	18662	1.0	145.188	12383922860	0.945
8000	10757	18757	1.005	151.022	12996358177	1.049
10000	13301	23301	1.242	147.733	19649974913	1.512
10000	13340	23340	1.002	148.714	19838427183	1.01
10000	13287	23287	0.998	146.493	19464570792	0.981
10000	13311	23311	1.001	151.159	20120751629	1.034
20000	26667	46667	2.002	188.699	100640900135	5.002
20000	26826	46826	1.003	191.2	102582654892	1.019
20000	26673	46673	0.997	190.61	101682961299	0.991
20000	26670	46670	1.0	192.573	102718524277	1.01
40000	53415	93415	2.002	265.813	567936630376	5.529
40000	53446	93446	1.0	265.925	568505952984	1.001
40000	53242	93242	0.998	263.405	560968241606	0.987
40000	53319	93319	1.001	262.978	560868662687	1.0
80000	106914	186914	2.003	295.274	2525510660752	4.503
80000	106633	186633	0.998	288.934	2464789394806	0.976
80000	106586	186586	1.0	290.655	2478378890874	1.006
80000	106554	186554	1.0	288.134	2456143947889	0.991
100000	133395	233395	1.251	293.66	3917276425576	1.595
100000	133214	233214	0.999	291.001	3876540029951	0.99
100000	133524	233524	1.001	293.562	3919755478044	1.011
100000	133463	233463	1.0	293.785	3920940460256	1.0
--------------------------------------------------
29316
16940
-44448
25217
-32021
25130
-41693
-37205
-114203
-31929
-79570
-79741
-139926
-198094
-110571
-233320
-141960
-271743
-288906
-229506
-510185
-515136
-444357
-393278
-1119906
-788168
-895704
-733645
-1541291
-1578294
-1664316
-1652119
-2089013
-1934208
-2229428
-2356163
-4811598
-4739387
-4717250
-4537267
-8722212
-9314968
-9845767
-8681447
-17844628
-18798446
-18741474
-18178610
-22079522
-22338561
-22581384
-22606313
-45962292
-45195405
-47854708
-46418161
-92003321
-94397064
-88771991
-93017025
-186834082
-185997521
-182065015
-180793224
-230698391
-230168572
-231393935
-231011693
