Finished
Finished
Finished
Finished
Finished
Finished
Finished
Finished
Finished
Finished
Finished
Finished
Finished
Finished
Finished
Finished
Finished
Finished
Finished
Finished
Finished
Finished
Finished
Finished
Finished
Finished
Finished
Finished
Finished
Finished
Finished
Finished
Finished
Finished
Finished
Finished
Finished
Finished
Finished
Finished
Finished
Finished
Finished
Finished
Finished
Finished
Finished
Finished
Finished
Finished
Finished
Finished
Finished
Finished
Finished
Finished
Finished
Finished
Finished
Finished
Finished
Finished
Finished
Finished
Finished
Finished
Finished
Finished
Nodes	Edges	Size	SR	Estimates	Time(ns)	Ratio
--------------------------------------------------
10	9	19	None	434.587	12993	None
10	11	21	1.105	440.051	16080	1.238
10	13	23	1.095	340.72	14714	0.915
10	10	20	0.87	385.198	12796	0.87
20	24	44	2.2	278.869	28926	2.261
20	24	44	1.0	272.38	28253	0.977
20	28	48	1.091	256.276	31013	1.098
20	26	46	0.958	286.918	32241	1.04
40	56	96	2.087	217.966	64960	2.015
40	50	90	0.938	229.165	60980	0.939
40	50	90	1.0	232.694	61919	1.015
40	52	92	1.022	226.335	62636	1.012
80	108	188	2.043	188.188	128489	2.051
80	99	179	0.952	197.43	123566	0.962
80	104	184	1.028	195.378	128457	1.04
80	114	194	1.054	186.859	134669	1.048
100	136	236	1.216	182.725	165104	1.226
100	129	229	0.97	188.062	161180	0.976
100	137	237	1.035	182.627	166229	1.031
100	132	232	0.979	186.69	163725	0.985
200	267	467	2.013	166.03	338852	2.07
200	269	469	1.004	164.913	339094	1.001
200	269	469	1.0	158.647	326210	0.962
200	267	467	0.996	159.496	325516	0.998
400	540	940	2.013	153.303	715569	2.198
400	518	918	0.977	157.06	703241	0.983
400	538	938	1.022	152.91	711092	1.011
400	526	926	0.987	156.031	709420	0.998
800	1063	1863	2.012	147.671	1513835	2.134
800	1058	1858	0.997	146.893	1498776	0.99
800	1076	1876	1.01	151.752	1574700	1.051
800	1049	1849	0.986	152.217	1539889	0.978
1000	1300	2300	1.244	148.58	1924931	1.25
1000	1313	2313	1.006	148.068	1937487	1.007
1000	1328	2328	1.006	141.142	1867954	0.964
1000	1344	2344	1.007	138.851	1859778	0.996
2000	2699	4699	2.005	128.724	3809803	2.049
2000	2654	4654	0.99	131.197	3818251	1.002
2000	2652	4652	1.0	137.71	4004790	1.049
2000	2677	4677	1.005	136.83	4016706	1.003
4000	5360	9360	2.001	128.093	8215432	2.045
4000	5315	9315	0.995	127.425	8103991	0.986
4000	5340	9340	1.003	126.499	8082951	0.997
4000	5368	9368	1.003	125.217	8042986	0.995
8000	10705	18705	1.997	120.202	16683868	2.074
8000	10670	18670	0.998	119.301	16504634	0.989
8000	10662	18662	1.0	118.863	16431732	0.996
8000	10757	18757	1.005	120.548	16813170	1.023
10000	13301	23301	1.242	121.359	21448941	1.276
10000	13340	23340	1.002	117.275	20787855	0.969
10000	13287	23287	0.998	118.557	20931620	1.007
10000	13311	23311	1.001	117.218	20732677	0.99
20000	26667	46667	2.002	116.443	44365973	2.14
20000	26826	46826	1.003	116.91	44809396	1.01
20000	26673	46673	0.997	115.145	43881126	0.979
20000	26670	46670	1.0	116.167	44265787	1.009
40000	53415	93415	2.002	123.222	100622224	2.273
40000	53446	93446	1.0	124.626	101827634	1.012
40000	53242	93242	0.998	125.231	101931493	1.001
40000	53319	93319	1.001	125.166	102025889	1.001
80000	106914	186914	2.003	129.041	224710686	2.202
80000	106633	186633	0.998	128.183	222629923	0.991
80000	106586	186586	1.0	128.047	222294589	0.998
80000	106554	186554	1.0	128.16	222424634	1.001
100000	133395	233395	1.251	129.808	287608730	1.293
100000	133214	233214	0.999	131.9	291846324	1.015
100000	133524	233524	1.001	134.445	298169396	1.022
100000	133463	233463	1.0	137.66	305160189	1.023
--------------------------------------------------
29316
16940
-44448
25217
-32021
25130
-41693
-37205
-114203
-31929
-79570
-79741
-139926
-198094
-110571
-233320
-141960
-271743
-288906
-229506
-510185
-515136
-444357
-393278
-1119906
-788168
-895704
-733645
-1541291
-1578294
-1664316
-1652119
-2089013
-1934208
-2229428
-2356163
-4811598
-4739387
-4717250
-4537267
-8722212
-9314968
-9845767
-8681447
-17844628
-18798446
-18741474
-18178610
-22079522
-22338561
-22581384
-22606313
-45962292
-45195405
-47854708
-46418161
-92003321
-94397064
-88771991
-93017025
-186834082
-185997521
-182065015
-180793224
-230698391
-230168572
-231393935
-231011693
