Nodes	Edges	Size	SR	Estimates	Time(ns)	Ratio
--------------------------------------------------
10	9	19	None	1228.403	36726	None
10	11	21	1.105	1052.264	38451	1.047
10	13	23	1.095	1082.11	46731	1.215
10	10	20	0.87	1194.969	39696	0.849
20	24	44	2.2	1132.355	117455	2.959
20	24	44	1.0	900.736	93430	0.795
20	28	48	1.091	931.082	112674	1.206
20	26	46	0.958	840.784	94479	0.839
40	56	96	2.087	870.707	259495	2.747
40	50	90	0.938	890.715	237016	0.913
40	50	90	1.0	894.345	237982	1.004
40	52	92	1.022	894.308	247491	1.04
80	108	188	2.043	883.377	603142	2.437
80	99	179	0.952	877.679	549314	0.911
80	104	184	1.028	860.228	565583	1.03
80	114	194	1.054	863.254	622147	1.1
100	136	236	1.216	881.525	796515	1.28
100	129	229	0.97	879.164	753494	0.946
100	137	237	1.035	910.642	828874	1.1
100	132	232	0.979	937.122	821846	0.992
200	267	467	2.013	930.126	1898304	2.31
200	269	469	1.004	912.157	1875574	0.988
200	269	469	1.0	941.947	1936828	1.033
200	267	467	0.996	939.161	1916742	0.99
400	540	940	2.013	951.709	4442277	2.318
400	518	918	0.977	1009.788	4521344	1.018
400	538	938	1.022	966.013	4492340	0.994
400	526	926	0.987	959.166	4361010	0.971
800	1063	1863	2.012	1008.11	10334562	2.37
800	1058	1858	0.997	1077.165	10990525	1.063
800	1076	1876	1.01	976.103	10128819	0.922
800	1049	1849	0.986	999.907	10115460	0.999
1000	1300	2300	1.244	1043.518	13519312	1.336
1000	1313	2313	1.006	1051.361	13757135	1.018
1000	1328	2328	1.006	1004.838	13298592	0.967
1000	1344	2344	1.007	1035.728	13872553	1.043
2000	2699	4699	2.005	1013.676	30001417	2.163
2000	2654	4654	0.99	1060.671	30868919	1.029
2000	2652	4652	1.0	1040.045	30245818	0.98
2000	2677	4677	1.005	1035.214	30389135	1.005
4000	5360	9360	2.001	1050.933	67403303	2.218
4000	5315	9315	0.995	1074.62	68343856	1.014
4000	5340	9340	1.003	1070.095	68376152	1.0
4000	5368	9368	1.003	1069.646	68705828	1.005
8000	10705	18705	1.997	1111.043	154211310	2.245
8000	10670	18670	0.998	1147.351	158730124	1.029
8000	10662	18662	1.0	1190.479	164573170	1.037
8000	10757	18757	1.005	1203.71	167884921	1.02
10000	13301	23301	1.242	1240.679	219277486	1.306
10000	13340	23340	1.002	1180.845	209314331	0.955
10000	13287	23287	0.998	1178.772	208116632	0.994
10000	13311	23311	1.001	1090.605	192898254	0.927
20000	26667	46667	2.002	1334.674	508524707	2.636
20000	26826	46826	1.003	1379.923	528899878	1.04
20000	26673	46673	0.997	1401.585	534138751	1.01
20000	26670	46670	1.0	1407.168	536206107	1.004
40000	53415	93415	2.002	1460.603	1192718560	2.224
40000	53446	93446	1.0	1341.341	1095965751	0.919
40000	53242	93242	0.998	1284.579	1045580668	0.954
40000	53319	93319	1.001	1354.097	1103759325	1.056
80000	106914	186914	2.003	1378.497	2400493633	2.175
80000	106633	186633	0.998	1385.363	2406109035	1.002
80000	106586	186586	1.0	1417.809	2461376782	1.023
80000	106554	186554	1.0	1433.555	2487964533	1.011
100000	133395	233395	1.251	1489.17	3299469388	1.326
100000	133214	233214	0.999	1504.461	3328824470	1.009
100000	133524	233524	1.001	1491.885	3308680996	0.994
100000	133463	233463	1.0	1469.47	3257480550	0.985
--------------------------------------------------
29316
16940
-44448
25217
-32021
25130
-41693
-37205
-114203
-31929
-79570
-79741
-139926
-198094
-110571
-233320
-141960
-271743
-288906
-229506
-510185
-515136
-444357
-393278
-1119906
-788168
-895704
-733645
-1541291
-1578294
-1664316
-1652119
-2089013
-1934208
-2229428
-2356163
-4811598
-4739387
-4717250
-4537267
-8722212
-9314968
-9845767
-8681447
-17844628
-18798446
-18741474
-18178610
-22079522
-22338561
-22581384
-22606313
-45962292
-45195405
-47854708
-46418161
-92003321
-94397064
-88771991
-93017025
-186834082
-185997521
-182065015
-180793224
-230698391
-230168572
-231393935
-231011693
